0 0.220703125 0.17838541666666666 0.0830078125 0.08463541666666667
0 0.073974609375 0.45703125 0.07666015625 0.13671875
0 0.2548828125 0.5104166666666666 0.109375 0.13541666666666666
0 0.3759765625 0.3717447916666667 0.0634765625 0.23697916666666666
0 0.58642578125 0.5201822916666666 0.125 0.20833333333333334
0 0.751953125 0.4231770833333333 0.07421875 0.19661458333333334
0 0.800048828125 0.2923177083333333 0.10107421875 0.08333333333333333
0 0.70654296875 0.07356770833333333 0.123046875 0.08463541666666667
0 0.823974609375 0.11946614583333333 0.06787109375 0.08268229166666667
0 0.88427734375 0.17740885416666666 0.064453125 0.14778645833333334
0 0.9208984375 0.4811197916666667 0.07421875 0.0703125
0 0.93017578125 0.5494791666666666 0.0654296875 0.09635416666666667
0 0.611328125 0.6917317708333334 0.1357421875 0.146484375
0 0.067138671875 0.6832682291666666 0.05322265625 0.138671875
0 0.067626953125 0.7939453125 0.02783203125 0.11393229166666667
0 0.084228515625 0.7825520833333334 0.04248046875 0.13020833333333334
0 0.101806640625 0.8115234375 0.04345703125 0.134765625
0 0.13037109375 0.8167317708333334 0.0478515625 0.15299479166666666
0 0.163330078125 0.8173828125 0.04736328125 0.14778645833333334
0 0.1875 0.8450520833333334 0.0595703125 0.16666666666666666
0 0.223388671875 0.8492838541666666 0.09619140625 0.17252604166666666
0 0.28759765625 0.8580729166666666 0.0576171875 0.16796875
0 0.342529296875 0.8587239583333334 0.10693359375 0.18098958333333334
0 0.398193359375 0.76171875 0.16064453125 0.09505208333333333
0 0.479248046875 0.75 0.13037109375 0.17057291666666666
0 0.559326171875 0.8154296875 0.13525390625 0.197265625
0 0.56640625 0.8717447916666666 0.115234375 0.17578125
0 0.16552734375 0.6806640625 0.09375 0.09309895833333333
